[gd_scene load_steps=11 format=3 uid="uid://d231kgi682cyl"]

[ext_resource type="PackedScene" uid="uid://owgo8bpsg8uk" path="res://Character/Enemy/Texture/Barbarian.glb" id="1_1qtk1"]
[ext_resource type="PackedScene" uid="uid://j7xq3s4s2qe8" path="res://Utils/StateMachine/StateMachine.tscn" id="2_vwxw4"]
[ext_resource type="Script" path="res://Character/Enemy/EnemyController.cs" id="2_w7ow1"]
[ext_resource type="Script" path="res://Character/Enemy/State/AttackState.cs" id="4_xl6dd"]

[sub_resource type="AnimationNodeAnimation" id="AnimationNodeAnimation_ropoh"]
animation = &"1H_Melee_Attack_Chop"

[sub_resource type="AnimationNodeAnimation" id="AnimationNodeAnimation_jviw8"]
animation = &"Idle"

[sub_resource type="AnimationNodeStateMachineTransition" id="AnimationNodeStateMachineTransition_7psab"]
advance_mode = 2

[sub_resource type="AnimationNodeStateMachineTransition" id="AnimationNodeStateMachineTransition_athkw"]

[sub_resource type="AnimationNodeStateMachineTransition" id="AnimationNodeStateMachineTransition_fi2kx"]

[sub_resource type="AnimationNodeStateMachine" id="AnimationNodeStateMachine_45r7j"]
states/1H_Melee_Attack_Chop/node = SubResource("AnimationNodeAnimation_ropoh")
states/1H_Melee_Attack_Chop/position = Vector2(378, 202)
states/Idle/node = SubResource("AnimationNodeAnimation_jviw8")
states/Idle/position = Vector2(378, 100)
states/Start/position = Vector2(219, 100)
transitions = ["Start", "Idle", SubResource("AnimationNodeStateMachineTransition_7psab"), "Idle", "1H_Melee_Attack_Chop", SubResource("AnimationNodeStateMachineTransition_athkw"), "1H_Melee_Attack_Chop", "Idle", SubResource("AnimationNodeStateMachineTransition_fi2kx")]
graph_offset = Vector2(-184, -9)

[node name="Enemy" node_paths=PackedStringArray("_attackCoolDownTimer", "_attackState") instance=ExtResource("1_1qtk1")]
transform = Transform3D(0.25, 0, 0, 0, 0.25, 0, 0, 0, 0.25, 0, 0, 0)
script = ExtResource("2_w7ow1")
_attackCoolDownTimer = NodePath("Timer")
_attackState = NodePath("StateMachine/Attack")

[node name="Skeleton3D" parent="Rig" index="0"]
bones/1/position = Vector3(0, 0.372233, 0)
bones/1/rotation = Quaternion(-1.11123e-10, 0.0431578, 2.57241e-09, 0.999068)
bones/2/rotation = Quaternion(-6.93889e-18, 7.10543e-15, 4.93038e-32, 1)
bones/3/rotation = Quaternion(8.27181e-25, 3.72529e-09, 0, 1)
bones/4/position = Vector3(0.212007, 0.134132, 7.92996e-08)
bones/4/rotation = Quaternion(-0.5507, -0.0597351, -0.649399, 0.521001)
bones/4/scale = Vector3(0.999999, 0.999999, 1)
bones/5/rotation = Quaternion(3.85283e-08, -4.97523e-08, -0.49383, 0.869559)
bones/6/rotation = Quaternion(-9.73784e-11, -2.98437e-10, 0.0266581, 0.999645)
bones/6/scale = Vector3(1, 1, 1)
bones/7/rotation = Quaternion(-0.318197, -0.334691, 0.14054, 0.875775)
bones/8/position = Vector3(8.34843e-10, 0.0961252, -0.0575)
bones/8/rotation = Quaternion(0.00151945, 0.00151945, -0.701506, 0.71266)
bones/8/scale = Vector3(1, 1, 1)
bones/11/position = Vector3(-0.212007, 0.134132, 8.6814e-08)
bones/11/rotation = Quaternion(-0.609922, 0.0800842, 0.623448, 0.482592)
bones/11/scale = Vector3(0.999999, 0.999999, 1)
bones/12/rotation = Quaternion(1.09407e-08, 7.92809e-08, 0.51709, 0.855931)
bones/13/rotation = Quaternion(-9.73784e-11, 2.98437e-10, -0.0266581, 0.999645)
bones/13/scale = Vector3(1, 1, 1)
bones/14/rotation = Quaternion(-0.317128, 0.309645, -0.222476, 0.868363)
bones/15/position = Vector3(-1.5736e-08, 0.0961251, -0.0575)
bones/15/rotation = Quaternion(0.00451925, 0.00532302, 0.70239, 0.711758)
bones/15/scale = Vector3(1, 1, 1)
bones/19/rotation = Quaternion(-5.80608e-11, -0.0313417, -1.88012e-09, 0.999509)
bones/22/position = Vector3(0.170945, 0.113587, 1.59941e-08)
bones/22/rotation = Quaternion(0.990244, 0.0835025, 0.0782578, 0.0794985)
bones/22/scale = Vector3(1, 1, 1)
bones/23/rotation = Quaternion(0.375026, 6.26937e-08, -2.58431e-07, 0.927014)
bones/24/rotation = Quaternion(-0.611008, -0.202026, 0.073095, 0.761913)
bones/25/rotation = Quaternion(-9.74065e-09, 0.920355, -0.391084, 7.8309e-08)
bones/25/scale = Vector3(1, 1, 1)
bones/26/position = Vector3(-0.170945, 0.113587, 1.55755e-08)
bones/26/rotation = Quaternion(0.992239, -0.0328943, 0.0299959, 0.116107)
bones/26/scale = Vector3(1, 1, 1)
bones/27/rotation = Quaternion(0.421266, -6.04243e-08, 2.93763e-07, 0.906937)
bones/28/rotation = Quaternion(-0.637815, 0.112807, -0.0216474, 0.761576)
bones/29/rotation = Quaternion(3.03591e-08, 0.920355, -0.391084, -6.95338e-08)
bones/29/scale = Vector3(1, 1, 1)
bones/30/rotation = Quaternion(0.707107, -2.29302e-07, -4.60552e-08, 0.707107)
bones/31/position = Vector3(0.202182, 0.0259903, 0.205181)
bones/31/rotation = Quaternion(-0.707107, -7.05285e-08, -7.05285e-08, 0.707107)
bones/32/rotation = Quaternion(9.65792e-09, 1.77955e-09, 0.985719, -0.168398)
bones/33/position = Vector3(-2.60494e-08, 0.213436, -5.1715e-09)
bones/33/rotation = Quaternion(-1.01273e-07, 0.391084, 0.920355, -3.35091e-08)
bones/34/position = Vector3(8.58988e-09, 0.16565, -2.40963e-09)
bones/35/rotation = Quaternion(1, -2.33136e-09, 1.99777e-07, -1.34211e-15)
bones/37/rotation = Quaternion(0.707107, -3.82385e-08, 1.45009e-07, 0.707107)
bones/38/rotation = Quaternion(-0.707107, -7.05285e-08, -7.05285e-08, 0.707107)
bones/39/rotation = Quaternion(-5.83589e-09, 6.43837e-10, 0.994809, 0.101756)
bones/40/position = Vector3(-1.11482e-08, 0.213436, -2.50942e-15)
bones/40/rotation = Quaternion(-1.05796e-07, 0.391084, 0.920355, -2.58643e-08)
bones/41/position = Vector3(-6.31128e-09, 0.16565, 2.70695e-09)
bones/41/rotation = Quaternion(-0.391084, -6.885e-08, -6.56287e-08, 0.920355)
bones/42/rotation = Quaternion(1, 3.76526e-09, 1.94879e-07, 7.45058e-09)
bones/44/rotation = Quaternion(-0.707107, -7.27951e-08, -7.27951e-08, 0.707107)
bones/45/position = Vector3(0.520841, 0.768187, -0.0576374)
bones/45/rotation = Quaternion(0.794627, -1.11759e-07, 0.607098, -5.96046e-08)
bones/46/rotation = Quaternion(-0.707107, -7.27951e-08, -7.27951e-08, 0.707107)
bones/47/position = Vector3(-0.510844, 0.768187, 0.0597369)
bones/47/rotation = Quaternion(0.758253, 1.52737e-07, -0.651961, 1.11759e-08)

[node name="1H_Axe_Offhand" parent="Rig/Skeleton3D" index="0"]
transform = Transform3D(-4.37395e-07, 0.262866, 0.964831, 0.999865, -0.0157707, 0.00429756, 0.0163459, 0.964703, -0.262831, 0.516041, 0.615499, 0.0133265)
visible = false

[node name="Barbarian_Round_Shield" parent="Rig/Skeleton3D" index="1"]
transform = Transform3D(-6.48878e-07, 0.262866, 0.964832, 0.999865, -0.0157732, 0.00429847, 0.0163486, 0.964703, -0.262831, 0.66216, 0.616426, -0.0433669)
visible = false

[node name="1H_Axe" parent="Rig/Skeleton3D" index="2"]
transform = Transform3D(-0.00319864, -0.163623, 0.986517, 0.999911, -0.0132521, 0.00104371, 0.012903, 0.986433, 0.163651, -0.496054, 0.61987, 0.139187)
visible = false

[node name="2H_Axe" parent="Rig/Skeleton3D" index="3"]
transform = Transform3D(-0.00319864, -0.163623, 0.986517, 0.999911, -0.0132521, 0.00104371, 0.012903, 0.986433, 0.163651, -0.496054, 0.61987, 0.139187)

[node name="Mug" parent="Rig/Skeleton3D" index="4"]
transform = Transform3D(-0.00319864, -0.163623, 0.986517, 0.999911, -0.0132521, 0.00104371, 0.012903, 0.986433, 0.163651, -0.487084, 0.31998, 0.087027)
visible = false

[node name="Barbarian_Hat" parent="Rig/Skeleton3D" index="5"]
transform = Transform3D(0.99972, -1.40143e-09, 0.0236466, 1.39341e-09, 1, 3.55686e-10, -0.0236466, -3.22637e-10, 0.99972, -7.55726e-09, 1.18244, -1.39052e-07)

[node name="Barbarian_Cape" parent="Rig/Skeleton3D" index="6"]
transform = Transform3D(0.996275, -5.14962e-09, 0.0862353, 5.13043e-09, 1, 4.44077e-10, -0.0862353, 1.88007e-15, 0.996275, -1.91641e-06, 1.18244, 2.59003e-08)

[node name="AnimationTree" type="AnimationTree" parent="." index="2"]
tree_root = SubResource("AnimationNodeStateMachine_45r7j")
anim_player = NodePath("../AnimationPlayer")

[node name="StateMachine" parent="." index="3" instance=ExtResource("2_vwxw4")]

[node name="Attack" type="Node" parent="StateMachine" index="0"]
script = ExtResource("4_xl6dd")

[node name="Timer" type="Timer" parent="." index="4"]
process_callback = 0
wait_time = 0.5
one_shot = true
